0,416
51,3
51,2
0,415
51,1
51,0
0,414
0,413
0,412
0,411
0,410
0,409
0,408
0,407
0,406
50,3
50,2
0,405
50,1
50,0
0,404
0,403
0,402
0,401
49,3
49,2
49,1
49,0
48,3
48,2
48,1
48,0
0,400
47,3
47,2
47,1
47,0
46,3
46,2
0,399
0,398
46,1
46,0
0,397
0,396
45,3
45,2
45,1
45,0
0,395
0,394
0,393
0,392
0,391
44,3
44,2
44,1
44,0
0,390
0,389
0,388
43,3
43,2
0,387
43,1
43,0
0,386
0,385
0,384
0,383
0,382
0,381
0,380
0,379
42,3
42,2
0,378
0,377
42,1
42,0
0,376
0,375
0,374
0,373
0,372
0,371
0,370
0,369
41,3
41,2
0,368
0,367
41,1
41,0
0,366
0,365
0,364
0,363
0,362
40,3
40,2
0,361
0,360
40,1
40,0
0,359
0,358
0,357
0,356
0,355
39,3
39,2
0,354
39,1
39,0
0,353
0,352
0,351
0,350
0,349
0,348
38,3
38,2
0,347
0,346
0,345
0,344
38,1
